1.000000000 0.000000000 0.000000000 0.000000000 0.000000000 1.000000000 0.000000000 0.000000000 0.000000000 0.000000000 1.000000000 0.000000000
0.999997377 0.000507951 -0.002222805 -0.002404895 -0.000502655 0.999997020 0.002382437 -0.010300063 0.002224008 -0.002381314 0.999994695 0.638954163
0.999989808 0.001646701 -0.004203744 -0.008716315 -0.001631707 0.999992311 0.003567934 -0.018537361 0.004209587 -0.003561039 0.999984801 1.270621896
0.999976099 0.002327245 -0.006511564 -0.019106351 -0.002310297 0.999993920 0.002609168 -0.027653707 0.006517597 -0.002594063 0.999975324 1.901293993
0.999962568 0.001551943 -0.008514638 -0.027435120 -0.001553524 0.999998748 -0.000179102 -0.038521852 0.008514349 0.000192324 0.999963760 2.525606155
0.999939978 0.000242007 -0.010951173 -0.033197235 -0.000279635 0.999993980 -0.003434568 -0.046692446 0.010950278 0.003437425 0.999934196 3.149996281
0.999914825 -0.001608204 -0.012950991 -0.039867800 0.001550566 0.999988854 -0.004459309 -0.055866189 0.012958018 0.004438849 0.999906123 3.770035982
0.999876559 -0.003553536 -0.015301512 -0.043039553 0.003470859 0.999979317 -0.005426415 -0.065510899 0.015320477 0.005372636 0.999868214 4.393295288
0.999826670 -0.005292347 -0.017850896 -0.054377384 0.005172486 0.999963820 -0.006754037 -0.077619232 0.017885994 0.006660533 0.999817789 5.016275883
0.999756992 -0.006570107 -0.021041932 -0.067682758 0.006387692 0.999941528 -0.008724639 -0.091311991 0.021098023 0.008588109 0.999740481 5.642183781
0.999664783 -0.007902625 -0.024655631 -0.079680413 0.007639922 0.999913216 -0.010730978 -0.103623115 0.024738293 0.010539014 0.999638379 6.280970097
0.999573529 -0.008394470 -0.027971707 -0.100488447 0.008072949 0.999900281 -0.011587699 -0.114111491 0.028066190 0.011356943 0.999541461 6.914571285
0.999490142 -0.007504728 -0.031032421 -0.122566693 0.007208324 0.999927461 -0.009652306 -0.127124622 0.031102605 0.009423694 0.999471784 7.555346489
0.999403358 -0.004563353 -0.034238823 -0.150739998 0.004312984 0.999963403 -0.007382737 -0.137541831 0.034271263 0.007230660 0.999386370 8.204081535
0.999301791 -0.002648368 -0.037265934 -0.181222916 0.002486557 0.999987245 -0.004387752 -0.153533980 0.037277076 0.004292024 0.999295771 8.853059769
0.999174058 -0.002474518 -0.040558361 -0.208682686 0.002413179 0.999995887 -0.001561239 -0.165413201 0.040562056 0.001462075 0.999175966 9.508498192
0.999038637 -0.002980415 -0.043736044 -0.240556225 0.002911160 0.999994397 -0.001647094 -0.173888490 0.043740705 0.001518188 0.999041796 10.161337852
0.998918772 -0.002580354 -0.046418466 -0.272718996 0.002508429 0.999995589 -0.001607684 -0.183906108 0.046422403 0.001489508 0.998920739 10.831592560
0.998780310 -0.000861532 -0.049366932 -0.308490247 0.000717848 0.999995470 -0.002928177 -0.191645876 0.049369227 0.002889168 0.998776495 11.505315781
0.998657823 0.002087783 -0.051752038 -0.357131839 -0.002247614 0.999992907 -0.003030388 -0.207780331 0.051745340 0.003142639 0.998655379 12.187677383
0.998527944 0.000086071 -0.054238390 -0.395533174 -0.000318622 0.999990821 -0.004278938 -0.215218961 0.054237522 0.004289922 0.998518765 12.872104645
0.998403788 -0.002053472 -0.056440581 -0.432354271 0.001740555 0.999982834 -0.005592785 -0.225406289 0.056451090 0.005485619 0.998390317 13.570958138
0.998285770 -0.003115553 -0.058445085 -0.471904039 0.002716227 0.999972403 -0.006910711 -0.236618444 0.058464997 0.006740113 0.998266697 14.274375916
0.998183906 -0.001400651 -0.060224060 -0.520447910 0.000942939 0.999970436 -0.007627894 -0.247990876 0.060232967 0.007557253 0.998155713 14.990668297
0.998079658 -0.000172342 -0.061942786 -0.567794919 -0.000405775 0.999956489 -0.009320385 -0.259507447 0.061941702 0.009327622 0.998036206 15.710422516
0.997986197 -0.000127506 -0.063430302 -0.614534676 -0.000476638 0.999954700 -0.009509307 -0.273003459 0.063428640 0.009520392 0.997940958 16.442680359
0.997922003 -0.001193722 -0.064421251 -0.662637115 0.000607608 0.999958217 -0.009116967 -0.286423981 0.064429447 0.009058881 0.997881174 17.178022385
0.997896731 -0.000953335 -0.064816341 -0.711260557 0.000407425 0.999964297 -0.008435104 -0.303845167 0.064822085 0.008390957 0.997861564 17.938182831
0.997886181 -0.000455548 -0.064984381 -0.763784468 -0.000016316 0.999973655 -0.007260467 -0.312966079 0.064985968 0.007246181 0.997859836 18.695499420
0.997905135 0.001934720 -0.064664833 -0.819255054 -0.002339519 0.999978185 -0.006184821 -0.331644416 0.064651452 0.006323151 0.997887850 19.462638855
0.997971773 0.001021989 -0.063649587 -0.865426600 -0.001428747 0.999978840 -0.006345391 -0.344642431 0.063641757 0.006423459 0.997952163 20.236213684
0.998011470 -0.000137178 -0.063031904 -0.915335655 -0.000258249 0.999980330 -0.006265253 -0.358736724 0.063031532 0.006269073 0.997991860 21.018610001
0.998022616 -0.003873034 -0.062736079 -0.955846250 0.003442323 0.999969780 -0.006972072 -0.375337154 0.062761195 0.006742328 0.998005927 21.794855118
0.998056114 -0.003416547 -0.062227722 -1.004360199 0.002969784 0.999969125 -0.007270557 -0.391768187 0.062250644 0.007071622 0.998035431 22.571279526
0.998106837 -0.001957648 -0.061471689 -1.058091640 0.001436138 0.999962687 -0.008526781 -0.410522491 0.061486077 0.008422357 0.998072386 23.355690002
0.998127222 -0.003472514 -0.061072014 -1.104449511 0.003010884 0.999966145 -0.007649192 -0.425150722 0.061096508 0.007450986 0.998104036 24.143232346
0.998116314 -0.005084985 -0.061139386 -1.152749658 0.004788057 0.999976039 -0.005002099 -0.441127717 0.061163355 0.004699937 0.998116732 24.935649872
0.998124063 -0.004826949 -0.061033502 -1.195828795 0.004728406 0.999987185 -0.001758925 -0.462938398 0.061041206 0.001467034 0.998134196 25.718746185
0.998071671 -0.004820157 -0.061885089 -1.247311354 0.004728590 0.999987423 -0.001626014 -0.474422008 0.061892156 0.001330249 0.998081982 26.501367569
0.998002410 -0.004960926 -0.062980793 -1.302073956 0.004820540 0.999985516 -0.002380775 -0.485725611 0.062991686 0.002072418 0.998011947 27.284648895
0.997864783 -0.006655862 -0.064973444 -1.342316031 0.006489150 0.999975026 -0.002776552 -0.499466419 0.064990304 0.002349001 0.997883141 28.064195633
0.997720957 -0.007102499 -0.067100041 -1.396444798 0.007056034 0.999974728 -0.000929440 -0.513600767 0.067104936 0.000453861 0.997745812 28.841070175
0.997579992 -0.007831119 -0.069086209 -1.448771238 0.007878982 0.999968827 0.000420336 -0.526471436 0.069080763 -0.000963648 0.997610629 29.614566803
0.997447252 -0.006926354 -0.071070276 -1.511455655 0.006972706 0.999975622 0.000404139 -0.535901308 0.071065724 -0.000898660 0.997471213 30.393558502
0.997322857 -0.008723981 -0.072601505 -1.565604091 0.008786274 0.999961257 0.000538683 -0.549823403 0.072594002 -0.001175137 0.997360826 31.162723541
0.997162342 -0.007408751 -0.074915491 -1.624281645 0.007307234 0.999971986 -0.001629107 -0.563665926 0.074925460 0.001077059 0.997188568 31.920608521
0.997016847 -0.002895562 -0.077129319 -1.690717816 0.002575404 0.999987721 -0.004250075 -0.573545635 0.077140681 0.004038757 0.997012138 32.676048279
0.996875942 -0.006394768 -0.078724563 -1.750558496 0.005853265 0.999957681 -0.007107295 -0.592384279 0.078766666 0.006624295 0.996871054 33.432907104
0.996723473 -0.007250411 -0.080558114 -1.811689258 0.006568247 0.999940336 -0.008729748 -0.600689828 0.080616593 0.008172018 0.996711671 34.205547333
0.996821225 -0.006119809 -0.079435803 -1.881207228 0.005570725 0.999959052 -0.007132081 -0.617952645 0.079476207 0.006666895 0.996814489 34.966808319
0.996657431 -0.005418227 -0.081514761 -1.937337756 0.005151318 0.999980688 -0.003484297 -0.630345464 0.081532069 0.003052742 0.996666014 35.701045990
0.996505260 -0.006606007 -0.083269089 -1.999888659 0.006419205 0.999976277 -0.002510871 -0.645440221 0.083283722 0.001967575 0.996523857 36.440837860
0.996394992 -0.005631395 -0.084647395 -2.061207533 0.005517199 0.999983549 -0.001582947 -0.667615175 0.084654927 0.001110224 0.996409714 37.184886932
0.996394455 -0.005689387 -0.084650144 -2.130567551 0.005435968 0.999980092 -0.003223911 -0.681189835 0.084666796 0.002752132 0.996405482 37.920703888
0.996355057 -0.002937982 -0.085252106 -2.195920467 0.002649030 0.999990344 -0.003502309 -0.691497922 0.085261576 0.003263708 0.996353269 38.656417847
0.996399045 0.001638978 -0.084771447 -2.264064312 -0.001972128 0.999990642 -0.003846393 -0.706031799 0.084764354 0.003999721 0.996392965 39.383419037
0.996522069 0.005866459 -0.083122276 -2.331592798 -0.006002991 0.999981105 -0.001392738 -0.718728781 0.083112523 0.001886877 0.996538401 40.110012054
0.996633708 0.007782500 -0.081613041 -2.395885706 -0.007728735 0.999969602 0.000974681 -0.728868961 0.081618167 -0.000340634 0.996663630 40.836772919
0.996844590 0.009209035 -0.078842431 -2.447807312 -0.008852838 0.999948978 0.004866190 -0.737989902 0.078883223 -0.004152856 0.996875226 41.553672791
0.997202337 0.011855274 -0.073803253 -2.508016109 -0.011326283 0.999907076 0.007582008 -0.750325382 0.073886283 -0.006724880 0.997244000 42.259559631
0.997635067 0.012072519 -0.067664430 -2.554426432 -0.011557081 0.999901175 0.008003859 -0.758028746 0.067754380 -0.007202929 0.997676015 42.963871002
0.998025060 0.011310641 -0.061789848 -2.596983910 -0.010925693 0.999918759 0.006564289 -0.763470948 0.061859086 -0.005876227 0.998067617 43.655845642
0.998489678 0.009083941 -0.054183915 -2.628591061 -0.008968917 0.999956965 0.002365638 -0.775772810 0.054203082 -0.001876094 0.998528183 44.332809448
0.998942435 0.007030890 -0.045437921 -2.652259827 -0.007208531 0.999966979 -0.003746848 -0.788584292 0.045410071 0.004070426 0.998960137 44.994930267
0.999318004 0.008360482 -0.035968062 -2.672040939 -0.008701649 0.999918520 -0.009339251 -0.800327480 0.035887051 0.009645863 0.999309301 45.644248962
0.999664247 0.010734039 -0.023583056 -2.687738419 -0.011029182 0.999861956 -0.012420800 -0.814689040 0.023446478 0.012676731 0.999644697 46.288829803
0.999910593 0.009441148 -0.009468134 -2.684076071 -0.009545721 0.999893248 -0.011061129 -0.826472282 0.009362694 0.011150521 0.999894023 46.935821533
0.999983609 0.004474882 0.003548557 -2.668450356 -0.004451647 0.999968767 -0.006528671 -0.845119834 -0.003577661 0.006512768 0.999972403 47.569972992
0.999830067 0.001864083 0.018340841 -2.648541689 -0.001813481 0.999994457 -0.002775238 -0.858069777 -0.018345915 0.002741506 0.999827921 48.187850952
0.999419212 0.003645685 0.033881072 -2.622369051 -0.003593314 0.999992251 -0.001606516 -0.872861207 -0.033886664 0.001483838 0.999424577 48.804363251
0.998710930 0.005110316 0.050499670 -2.582795620 -0.005007226 0.999985158 -0.002167688 -0.884056330 -0.050509986 0.001912031 0.998721719 49.404422760
0.997575700 0.005924830 0.069336690 -2.536759377 -0.005587467 0.999971509 -0.005058503 -0.899146140 -0.069364689 0.004658823 0.997580409 50.014804840
0.995832205 0.006872051 0.090944782 -2.470923662 -0.006196035 0.999951005 -0.007713509 -0.914409757 -0.090993337 0.007117864 0.995826006 50.601936340
0.993280351 0.008516178 0.115419298 -2.398761988 -0.007435425 0.999924362 -0.009791024 -0.931607962 -0.115493961 0.008867039 0.993268609 51.197925568
0.989665806 0.010866020 0.142981112 -2.300769567 -0.009445054 0.999899089 -0.010613124 -0.945490599 -0.143082008 0.009152982 0.989668429 51.784919739
0.984786332 0.012444041 0.173323557 -2.188688517 -0.010595017 0.999876738 -0.011589183 -0.964376509 -0.173446387 0.009576501 0.984796703 52.354885101
0.978599191 0.012782694 0.205378309 -2.052123547 -0.010685760 0.999878883 -0.011316039 -0.977909982 -0.205498084 0.008879242 0.978617251 52.925369263
0.971001446 0.012415004 0.238751039 -1.903074861 -0.010291586 0.999895692 -0.010138444 -0.992552340 -0.238852009 0.007387317 0.971027911 53.487071991
0.962199569 0.011540185 0.272100776 -1.730859041 -0.009171515 0.999908149 -0.009975341 -1.012259722 -0.272190899 0.007102692 0.962217033 54.027652740
0.952107728 0.008938428 0.305632234 -1.540703177 -0.006090843 0.999928713 -0.010269376 -1.026515007 -0.305702209 0.007915993 0.952094257 54.561782837
0.940669477 0.008055316 0.339228630 -1.329841733 -0.004834967 0.999934852 -0.010337235 -1.042929053 -0.339289814 0.008083763 0.940647125 55.096260071
0.927688539 0.009062185 0.373245060 -1.099853516 -0.005183385 0.999921739 -0.011394409 -1.060378551 -0.373319089 0.008635790 0.927662790 55.610191345
0.913187504 0.011124623 0.407387912 -0.858057439 -0.006282260 0.999892831 -0.013222159 -1.072882771 -0.407491297 0.009514994 0.913159490 56.117141724
0.897383749 0.011121803 0.441110849 -0.580659449 -0.005068238 0.999876142 -0.014899366 -1.084587336 -0.441221952 0.011134792 0.897328913 56.633083344
0.880462408 0.009332094 0.474024087 -0.292478204 -0.002472153 0.999883056 -0.015092829 -1.101853013 -0.474109501 0.012116810 0.880382538 57.119983673
0.861687660 0.007127932 0.507389069 0.019697184 0.000809327 0.999880791 -0.015421045 -1.117701769 -0.507438481 0.013698767 0.861579061 57.612785339
0.841871142 0.006873152 0.539634764 0.361945450 0.002283315 0.999864638 -0.016297095 -1.134410858 -0.539673686 0.014952210 0.841741502 58.098548889
0.820335686 0.008134801 0.571824610 0.704313159 0.002217777 0.999845982 -0.017405458 -1.156553984 -0.571878254 0.015546495 0.820191264 58.555942535
0.797396958 0.008967838 0.603388488 1.078955293 0.003185763 0.999813139 -0.019069768 -1.173159719 -0.603446782 0.017128428 0.797219396 59.024974823
0.773425937 0.007103153 0.633846760 1.481861949 0.007561310 0.999762774 -0.020430142 -1.190635562 -0.633841574 0.020593917 0.773188770 59.472694397
0.748547077 0.006153127 0.663053215 1.914973974 0.011493452 0.999686301 -0.022252489 -1.210735798 -0.662982047 0.024277806 0.748241425 59.909088135
0.722187281 0.006817625 0.691664100 2.356586218 0.013407500 0.999625564 -0.023852328 -1.227598310 -0.691567779 0.026499333 0.721825421 60.331264496
0.694830000 0.005822707 0.719150424 2.818176270 0.015215990 0.999624312 -0.022795016 -1.250446320 -0.719013035 0.026781248 0.694480419 60.752273560
0.666902602 0.004675880 0.745130241 3.289739132 0.017219611 0.999616563 -0.021684656 -1.273045897 -0.744945884 0.027292410 0.666566372 61.147819519
0.638810039 0.002142552 0.769361496 3.791240454 0.022111630 0.999531865 -0.021143096 -1.293926954 -0.769046605 0.030518260 0.638463676 61.522769928
0.609718502 0.000855079 0.792617619 4.304543972 0.025607029 0.999456108 -0.020776343 -1.321182728 -0.792204261 0.032964308 0.609365046 61.893531799
0.580996096 0.002468990 0.813902557 4.823321342 0.028108787 0.999337971 -0.023096684 -1.341534495 -0.813420832 0.036296900 0.580542088 62.246452332
0.554156959 0.006237901 0.832388818 5.363532543 0.029127104 0.999214232 -0.026879251 -1.362510681 -0.831902444 0.039140403 0.553539932 62.591316223
0.529893696 0.009800938 0.848007441 5.932145596 0.031671088 0.999006987 -0.031336427 -1.388750434 -0.847472489 0.043462295 0.529057145 62.925395966
0.508992910 0.012332737 0.860682368 6.511783600 0.035495363 0.998745978 -0.035302415 -1.413654685 -0.860038579 0.048518915 0.507916987 63.246189117
0.491713613 0.011853821 0.870676279 7.111573696 0.039788872 0.998556972 -0.036065582 -1.436866879 -0.869847476 0.052377164 0.490532458 63.563762665
0.476842403 0.009748381 0.878934741 7.711339474 0.040895559 0.998609602 -0.033262502 -1.467518330 -0.878036976 0.051805492 0.475780725 63.881477356
0.465126902 0.008626440 0.885201991 8.327103615 0.039211541 0.998770297 -0.030336775 -1.496738672 -0.884375215 0.048820585 0.464216620 64.202224731
0.455911577 0.005860610 0.890005767 8.951670647 0.038805000 0.998896420 -0.026455777 -1.525606513 -0.889178693 0.046598163 0.455181092 64.516540527
0.448598266 0.006502777 0.893709838 9.601675987 0.036975835 0.998982310 -0.025828805 -1.555730224 -0.892968297 0.044632427 0.447901309 64.844863892
0.443605334 0.007254233 0.896192908 10.254100800 0.037131708 0.998959839 -0.026465856 -1.588061571 -0.895452738 0.045017567 0.442874521 65.163284302
0.440101892 0.006839074 0.897921860 10.912077904 0.038780168 0.998893201 -0.026615603 -1.614631414 -0.897110105 0.046535134 0.439349622 65.486686707
0.437795341 0.007915456 0.899039805 11.592229843 0.039800871 0.998810291 -0.028175253 -1.638181686 -0.898193300 0.048117567 0.436959386 65.807365417
0.436401933 0.007247415 0.899722576 12.271503448 0.041677415 0.998731375 -0.028260181 -1.665478230 -0.898786068 0.049830902 0.435546249 66.129173279
0.434820950 0.007287372 0.900487423 12.964811325 0.040940352 0.998773277 -0.027851755 -1.693537354 -0.899585783 0.048976798 0.433989227 66.466438293
0.433925897 0.008363586 0.900909662 13.658999443 0.040562723 0.998761475 -0.028809153 -1.722990274 -0.900034904 0.049044393 0.433049291 66.798149109
0.433029234 0.008641616 0.901338398 14.358364105 0.040598713 0.998752296 -0.029080378 -1.748982668 -0.900465012 0.049185835 0.432138145 67.134910583
0.431417972 0.009416690 0.902103007 15.083333015 0.041097026 0.998702228 -0.030079121 -1.774690390 -0.901215553 0.050050426 0.430471152 67.477394104
0.430229008 0.010222402 0.902661860 15.806036949 0.040682491 0.998700321 -0.030700207 -1.803132772 -0.901802599 0.049930654 0.429253966 67.818969727
0.428396434 0.009732293 0.903538465 16.543933868 0.041413974 0.998679698 -0.030392775 -1.839303493 -0.902641356 0.050439268 0.427427769 68.171897888
0.427188724 0.009290606 0.904114723 17.279979706 0.041084517 0.998714864 -0.029674891 -1.874793649 -0.903228581 0.049821891 0.426258057 68.515678406
0.425510049 0.008264245 0.904915929 18.016988754 0.040375650 0.998789132 -0.028107012 -1.906958103 -0.904052556 0.048496388 0.424661160 68.871376038
0.423994273 0.005677638 0.905647039 18.765724182 0.041121028 0.998828471 -0.025513325 -1.937259555 -0.904730856 0.048058648 0.423264056 69.219551086
0.422227681 0.003636362 0.906482518 19.518554688 0.040978845 0.998893082 -0.023094477 -1.970607638 -0.905563056 0.046897735 0.421611369 69.567794800
0.419411510 0.002080170 0.907793880 20.266948700 0.041108206 0.998928130 -0.021281477 -2.001650095 -0.906864941 0.046243474 0.418876439 69.916465759
0.416819960 0.001951976 0.908986986 21.013435364 0.040926937 0.998943210 -0.020912377 -2.031629086 -0.908067226 0.045918744 0.416299671 70.253349304
0.414476901 0.001961475 0.910057724 21.763162613 0.041355107 0.998924017 -0.020987790 -2.057443857 -0.909119666 0.046334490 0.413949847 70.587066650
0.411660522 0.002241561 0.911334515 22.497470856 0.041127406 0.998932481 -0.021034762 -2.087290049 -0.910408795 0.046140004 0.411128938 70.920349121
0.408912063 0.002502532 0.912570357 23.239858627 0.041221127 0.998924911 -0.021210045 -2.117625475 -0.911642313 0.046290223 0.408369303 71.249809265
0.405496091 0.003370165 0.914090574 23.978006363 0.041384846 0.998900235 -0.022041416 -2.149541140 -0.913159370 0.046767205 0.404910654 71.576782227
0.402147532 0.004432234 0.915564120 24.714302063 0.040501211 0.998923302 -0.022625312 -2.177248716 -0.914678633 0.046180170 0.401535034 71.893959045
0.397949457 0.005617652 0.917390108 25.451391220 0.039264783 0.998960674 -0.023149598 -2.211551189 -0.916566610 0.045233496 0.397315294 72.214721680
0.393708497 0.006597727 0.919211686 26.182775497 0.038783133 0.998964667 -0.023781402 -2.243974924 -0.918416858 0.045012839 0.393044949 72.526985168
0.389553964 0.007729248 0.920971215 26.905534744 0.038907006 0.998933911 -0.024840502 -2.275865078 -0.920181394 0.045508951 0.388838023 72.832046509
0.385425746 0.007555286 0.922707915 27.638967514 0.039444808 0.998917520 -0.024655854 -2.303859472 -0.921895385 0.045899037 0.384710491 73.132644653
0.380979151 0.005287720 0.924568534 28.369632721 0.040756129 0.998915613 -0.022506956 -2.335274458 -0.923684895 0.046256520 0.380350500 73.428833008
0.376582772 0.002720349 0.926378906 29.090749741 0.041092895 0.998962283 -0.019638186 -2.362723112 -0.925471127 0.045462992 0.376080215 73.716743469
0.372010440 0.001646080 0.928227007 29.802755356 0.039726287 0.999054015 -0.017692994 -2.395668030 -0.927377999 0.043456994 0.371593118 73.999847412
0.366765380 0.003715554 0.930306017 30.522539139 0.038255461 0.999085963 -0.019072149 -2.429373503 -0.929526508 0.042584285 0.366288036 74.283607483
0.361127049 0.005599068 0.932499766 31.241109848 0.038427550 0.999043107 -0.020880364 -2.455332994 -0.931724548 0.043374144 0.360566348 74.562988281
0.355215758 0.005855678 0.934765995 31.964300156 0.039237812 0.999005616 -0.021168664 -2.479566097 -0.933960378 0.044197615 0.354632765 74.829559326
0.348544776 0.004081049 0.937283158 32.681594849 0.039317820 0.999046683 -0.018970978 -2.503215790 -0.936467171 0.043464176 0.348052055 75.096412659
0.343051642 0.002286309 0.939313710 33.385578156 0.039059188 0.999097407 -0.016696835 -2.538993359 -0.938504100 0.042416710 0.342652738 75.345558167
0.337316811 0.001935238 0.941389203 34.101016998 0.038938623 0.999113500 -0.016006315 -2.565460205 -0.940585554 0.042055596 0.336942345 75.598274231
0.331320167 0.003219883 0.943512797 34.822135925 0.039150868 0.999086022 -0.017157596 -2.584403038 -0.942705691 0.042624012 0.330891311 75.844451904
0.324977130 0.004709332 0.945710063 35.541538239 0.041161317 0.998969555 -0.019118926 -2.608117104 -0.944825709 0.045139883 0.324448436 76.084281921
0.317455620 0.006658740 0.948249757 36.263954163 0.041239265 0.998932362 -0.020820748 -2.634218216 -0.947375953 0.045714784 0.316842169 76.322364807
0.308386445 0.008570876 0.951222539 36.992649078 0.039747711 0.998969972 -0.021887312 -2.658269167 -0.950430393 0.044558667 0.307728142 76.557075500
0.297988176 0.009220166 0.954524994 37.718643188 0.039840326 0.998961926 -0.022086943 -2.685004234 -0.953737795 0.044610236 0.297311455 76.779159546
0.286423326 0.008456037 0.958065867 38.452247620 0.039858676 0.998990178 -0.020733394 -2.710534573 -0.957273722 0.044125769 0.285797030 76.992973328
0.274145991 0.008051810 0.961654365 39.191001892 0.039967086 0.999005616 -0.019758265 -2.739423037 -0.960857332 0.043851178 0.273551553 77.196594238
0.260586739 0.007823726 0.965418756 39.938251495 0.041030470 0.998973906 -0.019170638 -2.767705202 -0.964578152 0.044607203 0.259998351 77.391586304
0.246269315 0.008068999 0.969167829 40.690513611 0.040243242 0.999017775 -0.018543482 -2.791288614 -0.968365610 0.043569140 0.245702714 77.575302124
0.230494827 0.009117406 0.973030806 41.445247650 0.040330421 0.999007463 -0.018914413 -2.815876245 -0.972237349 0.043602426 0.229898304 77.750404358
0.214370847 0.010571085 0.976695061 42.204315186 0.038855754 0.999057651 -0.019341413 -2.842316866 -0.975979209 0.042096462 0.213758096 77.914077759
0.197691157 0.012638677 0.980182886 42.972320557 0.039357919 0.999008179 -0.020819439 -2.868578434 -0.979473948 0.042693775 0.196997657 78.061836243
0.180962950 0.015197505 0.983372629 43.736949921 0.039480701 0.998962462 -0.022703787 -2.897915602 -0.982697129 0.042932775 0.180175155 78.196434021
0.164154187 0.019366451 0.986244559 44.506629944 0.039689709 0.998867929 -0.026220432 -2.925279140 -0.985635817 0.043447953 0.163199723 78.318626404
0.147402406 0.022706831 0.988815904 45.280612946 0.039177410 0.998817742 -0.028776674 -2.955932856 -0.988300383 0.042980995 0.146338582 78.428642273
0.130644217 0.025102092 0.991111457 46.063400269 0.039858852 0.998738229 -0.030549280 -2.989044428 -0.990627766 0.043495651 0.129478827 78.527473450
0.115428492 0.023283873 0.993042827 46.845996857 0.041168377 0.998754025 -0.028203079 -3.018706560 -0.992462277 0.044137407 0.114326097 78.609710693
0.101596877 0.020343598 0.994617581 47.642051697 0.042278916 0.998799264 -0.024747778 -3.050269842 -0.993926764 0.044565652 0.100614794 78.685890198
0.090285845 0.017181145 0.995767653 48.439815521 0.044799041 0.998769045 -0.021294838 -3.079846382 -0.994907796 0.046532057 0.089404985 78.752281189
0.081130229 0.016765803 0.996562600 49.226955414 0.047855854 0.998639822 -0.020696698 -3.110591888 -0.995553911 0.049370471 0.080217533 78.805747986
0.073104158 0.018505085 0.997152567 50.017356873 0.048053555 0.998601258 -0.022054913 -3.135906696 -0.996165931 0.049529035 0.072112672 78.859573364
0.065210536 0.021379644 0.997642457 50.819644928 0.048929777 0.998499215 -0.024596281 -3.167704582 -0.996671200 0.050418358 0.064066574 78.909843445
0.058687385 0.024618367 0.997972786 51.614345551 0.048352089 0.998452365 -0.027473615 -3.196218967 -0.997104764 0.049866423 0.057406213 78.953865051
0.053190872 0.026289232 0.998238266 52.417575836 0.050072294 0.998325646 -0.028959626 -3.227524757 -0.997328162 0.051524468 0.051785450 78.992027283
0.049452417 0.025939951 0.998439550 53.219360352 0.050750818 0.998305976 -0.028450156 -3.257351637 -0.997486234 0.052078545 0.048052166 79.027633667
0.047393799 0.023916567 0.998589933 54.022956848 0.050591450 0.998372674 -0.026312472 -3.289421320 -0.997594297 0.051767163 0.046106704 79.063301086
0.045748297 0.021495333 0.998721719 54.827426910 0.049962923 0.998467922 -0.023778519 -3.327171326 -0.997702718 0.050986890 0.044604242 79.100135803
0.044963215 0.020884786 0.998770356 55.633186340 0.049356721 0.998513937 -0.023101401 -3.353024721 -0.997768641 0.050334737 0.043865599 79.136970520
0.045057818 0.021320319 0.998756826 56.443504333 0.049997114 0.998471141 -0.023569789 -3.385856390 -0.997732460 0.050996959 0.043922979 79.171417236
0.045954686 0.022517225 0.998689711 57.249534607 0.049907979 0.998445630 -0.024808239 -3.415757179 -0.997696042 0.050982635 0.044759471 79.206893921
0.046930376 0.023360945 0.998624921 58.063125610 0.050580557 0.998388410 -0.025732445 -3.447171211 -0.997616708 0.051718641 0.045673128 79.244651794
0.048260558 0.024078103 0.998544574 58.870178223 0.050777674 0.998357594 -0.026527727 -3.476841211 -0.997543216 0.051984016 0.046958663 79.280982971
0.049349662 0.023844387 0.998496830 59.671974182 0.051431846 0.998327971 -0.026382320 -3.516643286 -0.997456372 0.052656502 0.048040789 79.320289612
0.050916608 0.023952408 0.998415649 60.474876404 0.052065402 0.998289227 -0.026604578 -3.544109821 -0.997344732 0.053337533 0.049582411 79.360801697
0.052820127 0.023894411 0.998318136 61.272567749 0.051140971 0.998337030 -0.026600687 -3.577078819 -0.997293651 0.052460007 0.051510315 79.410636902
0.054678310 0.023507087 0.998227239 62.086830139 0.052354120 0.998280108 -0.026376046 -3.611815929 -0.997130573 0.053703506 0.053353578 79.454399109
0.056834858 0.022785166 0.998123705 62.895095825 0.053756341 0.998219490 -0.025848337 -3.644506454 -0.996935308 0.055124555 0.055508822 79.491264343
0.058403816 0.021712363 0.998057008 63.695507050 0.055029258 0.998173356 -0.024935074 -3.674803734 -0.996775210 0.056378629 0.057102319 79.541236877
0.060289912 0.019715400 0.997986197 64.493637085 0.056240272 0.998149574 -0.023116192 -3.708165884 -0.996595263 0.057520684 0.059069544 79.585670471
0.062406160 0.018493950 0.997879446 65.293617249 0.057596639 0.998095334 -0.022099970 -3.740158319 -0.996387482 0.058853686 0.061222102 79.634910583
0.064396217 0.020408725 0.997715652 66.086494446 0.058592256 0.997988701 -0.024196066 -3.770326853 -0.996202826 0.060016543 0.063070901 79.679428101
0.066239163 0.024043439 0.997514009 66.865112305 0.059566159 0.997831285 -0.028006533 -3.800503254 -0.996024251 0.061273206 0.064663336 79.728179932
0.067074120 0.027622506 0.997365534 67.654335022 0.060422402 0.997669578 -0.031694409 -3.835933447 -0.995916784 0.062389098 0.065248795 79.777114868
0.067589879 0.029833458 0.997267008 68.431365967 0.059666481 0.997642994 -0.033888604 -3.867878675 -0.995927453 0.061793942 0.065650523 79.833045959
0.067883164 0.029221227 0.997265279 69.211517334 0.058928810 0.997708440 -0.033245452 -3.911068916 -0.995951414 0.061024461 0.066005647 79.877449036
0.066903345 0.026558544 0.997405946 69.989608765 0.059549704 0.997757375 -0.030562336 -3.942870855 -0.995980799 0.061439939 0.065171756 79.924652100
0.064445250 0.024028240 0.997631848 70.758369446 0.059405286 0.997844815 -0.027870841 -3.982867002 -0.996151447 0.061060756 0.062878951 79.977661133
0.060596481 0.021326143 0.997934520 71.519462585 0.058609765 0.997970641 -0.024885815 -4.017665386 -0.996440113 0.059996698 0.059223603 80.023948669
0.055881478 0.020107713 0.998234868 72.287071228 0.057346225 0.998082101 -0.023314891 -4.049329281 -0.996789098 0.058547873 0.054621201 80.063072205
0.049386285 0.018300163 0.998612106 73.046394348 0.053461310 0.998350382 -0.020939289 -4.077487469 -0.997347951 0.054421227 0.048326455 80.102897644
0.040734570 0.014539509 0.999064326 73.814598083 0.055325348 0.998327315 -0.016784549 -4.107452393 -0.997637093 0.055957284 0.039862037 80.130332947
0.031377647 0.013627037 0.999414742 74.572921753 0.056395773 0.998290002 -0.015382306 -4.135473251 -0.997915268 0.056845419 0.030555485 80.144241333
0.021612851 0.016828498 0.999624789 75.315315247 0.057172850 0.998201251 -0.018040670 -4.165337563 -0.998130322 0.057541303 0.020611849 80.155311584
0.012326668 0.024610866 0.999621034 76.071823120 0.056950744 0.998057008 -0.025274636 -4.184791565 -0.998300910 0.057240710 0.010901111 80.168411255
0.004105385 0.031321291 0.999500871 76.804954529 0.058406077 0.997795582 -0.031507745 -4.212685108 -0.998284459 0.058506280 0.002266982 80.167388916
-0.003958866 0.033109099 0.999443948 77.545181274 0.061479118 0.997569084 -0.032803472 -4.241794109 -0.998100579 0.061315060 -0.005984762 80.152786255
-0.011846475 0.031574350 0.999431193 78.261711121 0.061952483 0.997604251 -0.030782297 -4.282654285 -0.998008847 0.061552584 -0.013774205 80.145202637
-0.018774200 0.030100008 0.999370575 78.999542236 0.061654866 0.997679293 -0.028890820 -4.316152573 -0.997920871 0.061073650 -0.020586442 80.118286133
-0.025362490 0.029187793 0.999252141 79.725402832 0.060287923 0.997798979 -0.027615154 -4.348808765 -0.997858703 0.059542444 -0.027066337 80.091575623
-0.031958103 0.029299499 0.999059677 80.436454773 0.058856092 0.997890890 -0.027382521 -4.382008076 -0.997754753 0.057925664 -0.033615153 80.072578430
-0.037050169 0.030195886 0.998857200 81.146049500 0.058533713 0.997892737 -0.027995571 -4.416203976 -0.997597635 0.057429571 -0.038739573 80.046401978
-0.040087588 0.030724056 0.998723745 81.864891052 0.058614098 0.997878194 -0.028345345 -4.446788788 -0.997475505 0.057402987 -0.041803394 80.005325317
-0.042675965 0.032284524 0.998567164 82.551689148 0.057121780 0.997921705 -0.029822426 -4.471380234 -0.997454643 0.055767234 -0.044431426 79.988655090
-0.044248648 0.032265086 0.998499393 83.248741150 0.055503473 0.998014033 -0.029789755 -4.501891136 -0.997477531 0.054102022 -0.045951597 79.955543518
-0.045595106 0.031091742 0.998476028 83.936973572 0.054126412 0.998124242 -0.028609114 -4.533718109 -0.997492552 0.052739479 -0.047192454 79.927017212
-0.046983123 0.030644314 0.998425543 84.621070862 0.051975671 0.998250365 -0.028193105 -4.558701038 -0.997542560 0.050569229 -0.048493672 79.901100159
-0.048656795 0.029425113 0.998382032 85.296897888 0.051051132 0.998332620 -0.026935654 -4.590491295 -0.997510016 0.049657926 -0.050077859 79.867172241
-0.049827363 0.028755197 0.998343885 85.972633362 0.049676269 0.998419583 -0.026278039 -4.621352196 -0.997521698 0.048284627 -0.051177070 79.834495544
-0.051172301 0.028847281 0.998273134 86.640884399 0.048516463 0.998474360 -0.026366098 -4.645405769 -0.997510672 0.047083464 -0.052493796 79.805114746
-0.052452039 0.028004238 0.998230696 87.293693542 0.047056235 0.998565614 -0.025541069 -4.677856445 -0.997514248 0.045633294 -0.053694580 79.775138855
-0.052616138 0.028396470 0.998210907 87.943069458 0.047634408 0.998529136 -0.025894688 -4.706063271 -0.997478068 0.046186719 -0.053891398 79.733627319
-0.052042261 0.029057039 0.998222053 88.593704224 0.048033740 0.998492479 -0.026560672 -4.737026215 -0.997489035 0.046566062 -0.053359516 79.697952271
-0.050316248 0.029841192 0.998287439 89.232414246 0.048081771 0.998466909 -0.027423110 -4.763058186 -0.997575283 0.046619605 -0.051673919 79.662971497
-0.048922166 0.030228266 0.998345017 89.876319885 0.045878239 0.998554945 -0.027986435 -4.788119793 -0.997748375 0.044433162 -0.050238289 79.631050110
-0.047335193 0.029086387 0.998455465 90.510360718 0.045523487 0.998600125 -0.026932405 -4.823140144 -0.997841120 0.044178322 -0.048593048 79.611732483
-0.045211431 0.027539492 0.998597682 91.141014099 0.044967972 0.998662710 -0.025505362 -4.850634575 -0.997964859 0.043751780 -0.046389364 79.582496643
-0.042994153 0.027059518 0.998708785 91.766632080 0.044279277 0.998702526 -0.025153136 -4.877547264 -0.998093605 0.043140672 -0.044136535 79.559585571
-0.040567119 0.026228799 0.998832464 92.379684448 0.042212930 0.998807847 -0.024513692 -4.903213978 -0.998284698 0.041169196 -0.041625947 79.543281555
-0.037802313 0.025672873 0.998955369 93.013740540 0.041118607 0.998863220 -0.024114497 -4.926284313 -0.998438895 0.040164072 -0.038814981 79.510658264
-0.034755304 0.025423815 0.999072373 93.615371704 0.039537918 0.998928666 -0.024044726 -4.950632572 -0.998613417 0.038665567 -0.035723280 79.496589661
-0.031782061 0.025612960 0.999166548 94.221473694 0.039193608 0.998934627 -0.024360320 -4.978599072 -0.998726070 0.038386729 -0.032752067 79.481681824
-0.029276354 0.024856806 0.999262273 94.827011108 0.037098940 0.999028921 -0.023764081 -5.001381874 -0.998882651 0.036375850 -0.030170090 79.466705322
-0.026500707 0.024829324 0.999340475 95.420417786 0.035451066 0.999085903 -0.023882905 -5.023863792 -0.999020040 0.034794766 -0.027356710 79.458580017
-0.023700012 0.025018461 0.999406040 96.020217896 0.034699701 0.999104977 -0.024188051 -5.047236919 -0.999116778 0.034105834 -0.024546932 79.448570251
-0.021403551 0.024793666 0.999463439 96.608299255 0.035093617 0.999094963 -0.024032997 -5.075047970 -0.999154747 0.034560401 -0.022254283 79.436408997
-0.019224316 0.025271811 0.999495745 97.193367004 0.034887630 0.999088705 -0.024590490 -5.096637726 -0.999206245 0.034397315 -0.020088470 79.431480408
-0.016938966 0.026704319 0.999499857 97.779884338 0.034667347 0.999058008 -0.026104987 -5.118033886 -0.999255359 0.034207828 -0.017848777 79.418792725
-0.015785027 0.027723566 0.999490976 98.339302063 0.034091916 0.999049246 -0.027172897 -5.144955635 -0.999294043 0.033645645 -0.016715173 79.414405823
-0.014404622 0.029441185 0.999462664 98.908988953 0.033261064 0.999027312 -0.028948991 -5.168872356 -0.999342859 0.032826193 -0.015369858 79.409652710
-0.012923632 0.030183660 0.999460816 99.477218628 0.033294044 0.999002993 -0.029739324 -5.196068287 -0.999362051 0.032891739 -0.013915683 79.402786255
-0.011315155 0.030726979 0.999463797 100.039299011 0.034243144 0.998953402 -0.030323612 -5.217340469 -0.999349535 0.033881661 -0.012355500 79.397293091
-0.009847711 0.030430358 0.999488294 100.593238831 0.034634694 0.998947501 -0.030072644 -5.247403145 -0.999351442 0.034320824 -0.010891292 79.394584656
-0.008400498 0.030087695 0.999511898 101.141998291 0.034815844 0.998950064 -0.029778166 -5.273126125 -0.999358416 0.034548696 -0.009439205 79.393104553
-0.006874448 0.030031011 0.999525309 101.694305420 0.033843394 0.998983324 -0.029781956 -5.296388626 -0.999403477 0.033622596 -0.007883810 79.389755249
-0.005678006 0.029100459 0.999560356 102.227478027 0.033339709 0.999026299 -0.028895522 -5.322420120 -0.999427915 0.033160988 -0.006642678 79.390602112
-0.004443028 0.029619230 0.999551475 102.761390686 0.031663474 0.999064207 -0.029464057 -5.346786499 -0.999488711 0.031518359 -0.005376718 79.391960144
-0.003559550 0.030838508 0.999518037 103.295700073 0.029279713 0.999099016 -0.030721311 -5.375905514 -0.999564946 0.029156240 -0.004459285 79.397117615
-0.003077479 0.031426042 0.999501348 103.812553406 0.027702741 0.999125063 -0.031328920 -5.400272369 -0.999611497 0.027592512 -0.003945374 79.397018433
-0.003221013 0.031007431 0.999513984 104.329650879 0.026959969 0.999158502 -0.030909522 -5.422225952 -0.999631345 0.026847305 -0.004054262 79.394592285
-0.004531708 0.029655227 0.999549866 104.825462341 0.025730435 0.999232709 -0.029529164 -5.443072319 -0.999658644 0.025585035 -0.005291272 79.397384644
-0.006586047 0.028495060 0.999572158 105.306404114 0.023800183 0.999315202 -0.028330915 -5.462034225 -0.999695063 0.023603410 -0.007259725 79.395263672
-0.009642326 0.026843820 0.999593079 105.766647339 0.021517009 0.999413729 -0.026631445 -5.484643459 -0.999721944 0.021251466 -0.010214272 79.391693115
-0.013869122 0.024472740 0.999604285 106.215721130 0.020136386 0.999504447 -0.024190912 -5.506667137 -0.999701023 0.019792913 -0.014355043 79.386734009
-0.018846711 0.022377519 0.999571919 106.647117615 0.020237878 0.999553144 -0.021995524 -5.524056911 -0.999617636 0.019814672 -0.019291164 79.374542236
-0.024783719 0.020600820 0.999480546 107.058982849 0.020539653 0.999587059 -0.020093700 -5.541560650 -0.999481916 0.020030987 -0.025196621 79.361488342
-0.031875551 0.019690372 0.999297857 107.463211060 0.019905506 0.999620140 -0.019061778 -5.554650307 -0.999293625 0.019283921 -0.032255381 79.342239380
-0.040053718 0.018829735 0.999020040 107.823829651 0.018678216 0.999661803 -0.018092966 -5.571208000 -0.999022961 0.017935220 -0.040391877 79.324333191
-0.048985519 0.018940371 0.998619914 108.159355164 0.017789027 0.999678135 -0.018087832 -5.582230568 -0.998641074 0.016878434 -0.049306683 79.307197571
-0.057921696 0.018484946 0.998149991 108.477401733 0.017755570 0.999689400 -0.017483119 -5.596925735 -0.998163223 0.016710067 -0.058231920 79.280166626
-0.066939779 0.018847549 0.997578919 108.759941101 0.018182557 0.999678552 -0.017667130 -5.610696316 -0.997591317 0.016955903 -0.067260951 79.250015259
-0.077486113 0.021534044 0.996760905 109.052436829 0.018433604 0.999626696 -0.020162972 -5.621028423 -0.996823072 0.016811544 -0.077854127 79.221328735
-0.087302670 0.024903182 0.995870471 109.340133667 0.018523229 0.999555230 -0.023371493 -5.632218838 -0.996009588 0.016406341 -0.087725125 79.181571960
-0.098794729 0.026498143 0.994755030 109.611244202 0.017763466 0.999533057 -0.024861233 -5.641777992 -0.994949222 0.015214137 -0.099219292 79.149124146
-0.111225381 0.026560383 0.993440211 109.880882263 0.018240200 0.999528885 -0.024681000 -5.651957035 -0.993627787 0.015375393 -0.111657456 79.106315613
-0.124621414 0.026646407 0.991846561 110.149711609 0.018875552 0.999522030 -0.024480984 -5.661213398 -0.992024779 0.015670793 -0.125064835 79.064849854
-0.138603494 0.026880346 0.989983141 110.408447266 0.019364197 0.999514103 -0.024428029 -5.668649197 -0.990158617 0.015784420 -0.139056638 79.016166687
-0.153703034 0.027369214 0.987738013 110.672500610 0.019973159 0.999498188 -0.024587028 -5.678171635 -0.987915218 0.015949147 -0.154172555 78.963996887
-0.169618770 0.027525472 0.985125303 110.922904968 0.019440953 0.999508798 -0.024580024 -5.689723492 -0.985318005 0.014982542 -0.170070574 78.907539368
-0.186785027 0.028885461 0.981976092 111.176017761 0.018016443 0.999500155 -0.025973978 -5.694922447 -0.982235551 0.012840167 -0.187212065 78.849563599
-0.205273420 0.030101120 0.978241682 111.433387756 0.016279481 0.999493599 -0.027338985 -5.709662437 -0.978569269 0.010313299 -0.205659494 78.785827637
-0.225286901 0.031747945 0.973775148 111.707633972 0.016744725 0.999447465 -0.028710980 -5.719981670 -0.974148571 0.009837389 -0.225694045 78.709785461
-0.246579036 0.032779846 0.968568146 111.979568481 0.015802734 0.999430895 -0.029801279 -5.730844975 -0.968993783 0.007957657 -0.246956706 78.626075745
-0.269204170 0.033577625 0.962497592 112.265647888 0.014629972 0.999419332 -0.030773768 -5.737072945 -0.962971985 0.005796889 -0.269539058 78.529357910
-0.294498295 0.033142857 0.955077052 112.554824829 0.014061564 0.999440432 -0.030346461 -5.755706310 -0.955548584 0.004492897 -0.294799566 78.422668457
-0.321713209 0.031705275 0.946306169 112.853317261 0.013226328 0.999492109 -0.028990712 -5.767434597 -0.946744800 0.003189463 -0.321969151 78.295257568
-0.351145327 0.029980961 0.935840964 113.182060242 0.011736088 0.999549568 -0.027618360 -5.773633003 -0.936247408 0.001285053 -0.351339132 78.156913757
-0.382688165 0.029394560 0.923409879 113.504005432 0.010349361 0.999567389 -0.027529774 -5.780958652 -0.923819602 -0.000978617 -0.382826805 78.000602722
